example3
1
8
1
1500
30
36
36
3000
5
100
0.5
100 
40
70         
1
0                      
38
0.00     1540.00      1.0       0.0
7.11     1540.00      1.0       0.0
9.07     1540.00      1.0       0.0
11.03    1540.16      1.0       0.0
12.74    1540.65      1.0       0.0
13.97    1541.77      1.0       0.0
16.91    1542.10      1.0       0.0
19.12    1542.26      1.0       0.0
21.08    1541.61      1.0       0.0
23.04    1540.97      1.0       0.0
25.24    1539.68      1.0       0.0
26.96    1537.10      1.0       0.0
27.69    1535.16      1.0       0.0
29.16    1534.03      1.0       0.0
31.13    1532.58      1.0       0.0
33.33    1531.13      1.0       0.0
35.05    1530.00      1.0       0.0
37.25    1529.19      1.0       0.0
39.70    1527.74      1.0       0.0
42.15    1526.94      1.0       0.0
44.36    1526.29      1.0       0.0
46.32    1525.48      1.0       0.0
52.94    1522.42      1.0       0.0
54.16    1521.29      1.0       0.0
55.39    1520.16      1.0       0.0
56.37    1519.84      1.0       0.0
58.33    1519.19      1.0       0.0
60.29    1519.03      1.0       0.0
62.74    1518.55      1.0       0.0
65.19    1518.06      1.0       0.0
75.73    1517.58      1.0       0.0
77.69    1518.23      1.0       0.0
79.90    1518.55      1.0       0.0
81.37    1517.58      1.0       0.0
84.80    1515.81      1.0       0.0
88.96    1515.65      1.0       0.0
91.42    1515.48      1.0       0.0
100.00   1513.39      1.0       0.0
V