Warm-eddy
2
8
1
1500.0
50
300
300
200000.0  
50
1500.0 5000.0
10
150 350 
70
100         
8
0.0
6
5
0.0 1536.0  1.0   0.0  
 200.0 1506.0  1.0   0.0
  700.0 1503.0  1.0   0.0        
  800.0 1508.0  1.0   0.0
 1200.0 1508.0  1.0   0.0        
 1500.0 1497.0  1.0   0.0
 1500.0 1497.0  1.0   0.0
 2000.0 1500.0  1.0   0.0
 3000.0 1512.0  1.0   0.0
 4000.0 1528.0  1.0   0.0
 5000.0 1545.0  1.0   0.0
12500
6         
5                       
    0.0  1536.00 1.0   0.0 
  200.0  1508.75 1.0   0.0
  700.0  1503.00 1.0   0.0
  800.0  1507.00 1.0   0.0
 1200.0  1506.60 1.0   0.0
 1500.0  1497.00 1.0   0.0
 1500.0 1497.0  1.0   0.0
 2000.0  1500.00 1.0   0.0
 3000.0  1512.00 1.0   0.0
 4000.0  1528.00 1.0   0.0
 5000.0  1545.00 1.0   0.0
25000
6          
5                          
    0.0  1536.00 1.0   0.0
  200.0  1511.50 1.0   0.0
  700.0  1503.00 1.0   0.0
  800.0  1506.00 1.0   0.0
 1200.0  1505.00 1.0   0.0
 1500.0  1497.00 1.0   0.0
 1500.0 1497.0  1.0   0.0
 2000.0  1500.00 1.0   0.0
 3000.0  1512.00 1.0   0.0
 4000.0  1528.00 1.0   0.0
 5000.0  1545.00 1.0   0.0
37500
6          
5                       
    0.0  1536.00 1.0   0.0
  200.0  1514.25 1.0   0.0
  700.0  1502.75 1.0   0.0
  800.0  1505.00 1.0   0.0
 1200.0  1503.75 1.0   0.0
 1500.0  1497.00 1.0   0.0
 1500.0  1497.0  1.0   0.0
 2000.0  1500.00 1.0   0.0
 3000.0  1512.00 1.0   0.0
 4000.0  1528.00 1.0   0.0
 5000.0  1545.00 1.0   0.0
50000                                   
6          
5                       
    0.0  1536.00 1.0   0.0
  200.0  1517.00 1.0   0.0
  700.0  1502.50 1.0   0.0
  800.0  1504.00 1.0   0.0
 1200.0  1502.50 1.0   0.0
 1500.0  1497.00 1.0   0.0
 1500.0 1497.0  1.0   0.0
 2000.0  1500.00 1.0   0.0
 3000.0  1512.00 1.0   0.0
 4000.0  1528.00 1.0   0.0
 5000.0  1545.00 1.0   0.0 
75000                                 
6          
5                      
    0.0  1536.00 1.0   0.0
  200.0  1520.00 1.0   0.0
  700.0  1502.00 1.0   0.0
  800.0  1503.00 1.0   0.0
 1200.0  1500.50 1.0   0.0
 1500.0  1497.00 1.0   0.0
 1500.0 1497.0  1.0   0.0
 2000.0  1500.00 1.0   0.0
 3000.0  1512.00 1.0   0.0
 4000.0  1528.00 1.0   0.0
 5000.0  1545.00 1.0   0.0
100000                               
6         
5                       
    0.0  1536.00 1.0   0.0
  200.0  1524.00 1.0   0.0
  700.0  1502.00 1.0   0.0
  800.0  1501.50 1.0   0.0
 1200.0  1499.00 1.0   0.0
 1500.0  1497.00 1.0   0.0
 1500.0 1497.0  1.0   0.0
 2000.0  1500.00 1.0   0.0
 3000.0  1512.00 1.0   0.0
 4000.0  1528.00 1.0   0.0
 5000.0  1545.00 1.0   0.0
125000                                  
6          
5                       
    0.0  1536.00 1.0   0.0
  200.0  1528.00 1.0   0.0
  700.0  1502.00 1.0   0.0
  800.0  1500.00 1.0   0.0
 1200.0  1497.00 1.0   0.0
 1500.0  1497.00 1.0   0.0
 1500.0 1497.0  1.0   0.0
 2000.0  1500.00 1.0   0.0
 3000.0  1512.00 1.0   0.0
 4000.0  1528.00 1.0   0.0
 5000.0  1545.00 1.0   0.0
A