Pseudolinear-speed
1
10
1
1500.0
50
36
50
3000 
3
100
0.5
30
40
70         
1
0.0
1001
0	1550.43418236511	1	0
0.000246739907089344	1550.43390924370	1	0
0.000986957193144233	1550.43308988305	1	0
0.00222064455250859	1550.43172429384	1	0
0.00394778980919441	1550.42981249388	1	0
0.00616837591697061	1550.42735450810	1	0
0.00888238095955174	1550.42435036854	1	0
0.0120897781507978	1550.42080011439	1	0
0.0157905358350030	1550.41670379193	1	0
0.0199846174871732	1550.41206145459	1	0
0.0246719817134200	1550.40687316289	1	0
0.0298525822513551	1550.40113898448	1	0
0.0355263679705398	1550.39485899412	1	0
0.0416932828729955	1550.38803327370	1	0
0.0483532660937647	1550.38066191221	1	0
0.0555062519015048	1550.37274500573	1	0
0.0631521696991266	1550.36428265750	1	0
0.0712909440245102	1550.35527497781	1	0
0.0799224945512489	1550.34572208408	1	0
0.0890467360894098	1550.33562410085	1	0
0.0986635785864221	1550.32498115972	1	0
0.108772927127926	1550.31379339940	1	0
0.119374681938739	1550.30206096571	1	0
0.130468738383815	1550.28978401153	1	0
0.142054986969303	1550.27696269685	1	0
0.154133313343602	1550.26359718874	1	0
0.166703598298507	1550.24968766133	1	0
0.179765717770380	1550.23523429584	1	0
0.193319542841375	1550.22023728057	1	0
0.207364939740717	1550.20469681086	1	0
0.221901769846000	1550.18861308914	1	0
0.236929889684584	1550.17198632489	1	0
0.252449150934991	1550.15481673463	1	0
0.268459400428384	1550.13710454195	1	0
0.284960480150054	1550.11884997748	1	0
0.301952227241015	1550.10005327889	1	0
0.319434473999580	1550.08071469086	1	0
0.337407047883032	1550.06083446514	1	0
0.355869771509321	1550.04041286048	1	0
0.374822462658814	1550.01945014265	1	0
0.394264934276112	1549.99794658444	1	0
0.414196994471860	1549.97590246563	1	0
0.434618446524671	1549.95331807303	1	0
0.455529088883067	1549.93019370041	1	0
0.476928715167441	1549.90652964856	1	0
0.498817114172123	1549.88232622522	1	0
0.521194069867453	1549.85758374515	1	0
0.544059361401911	1549.83230253002	1	0
0.567412763104302	1549.80648290852	1	0
0.591254044485978	1549.78012521625	1	0
0.615582970243117	1549.75322979578	1	0
0.640399300259043	1549.72579699661	1	0
0.665702789606598	1549.69782717519	1	0
0.691493188550557	1549.66932069487	1	0
0.717770242550098	1549.64027792593	1	0
0.744533692261307	1549.61069924556	1	0
0.771783273539733	1549.58058503786	1	0
0.799518717443015	1549.54993569379	1	0
0.827739750233514	1549.51875161123	1	0
0.856446093381041	1549.48703319492	1	0
0.885637463565564	1549.45478085647	1	0
0.915313572680060	1549.42199501436	1	0
0.945474127833301	1549.38867609388	1	0
0.976118831352785	1549.35482452721	1	0
1.00724738078766	1549.32044075334	1	0
1.03885946891171	1549.28552521807	1	0
1.07095478372640	1549.25007837404	1	0
1.10353300846391	1549.21410068066	1	0
1.13659382159033	1549.17759260415	1	0
1.17013689680877	1549.14055461753	1	0
1.20416190306263	1549.10298720056	1	0
1.23866850453883	1549.06489083979	1	0
1.27365636067114	1549.02626602850	1	0
1.30912512614356	1548.98711326674	1	0
1.34507445089367	1548.94743306125	1	0
1.38150398011617	1548.90722592554	1	0
1.41841335426630	1548.86649237978	1	0
1.45580220906345	1548.82523295089	1	0
1.49367017549471	1548.78344817243	1	0
1.53201687981854	1548.74113858467	1	0
1.57084194356845	1548.69830473453	1	0
1.61014498355673	1548.65494717557	1	0
1.64992561187825	1548.61106646803	1	0
1.69018343591426	1548.56666317874	1	0
1.73091805833631	1548.52173788117	1	0
1.77212907711010	1548.47629115539	1	0
1.81381608549952	1548.43032358806	1	0
1.85597867207062	1548.38383577243	1	0
1.89861642069571	1548.33682830830	1	0
1.94172891055741	1548.28930180204	1	0
1.98531571615285	1548.24125686657	1	0
2.02937640729786	1548.19269412132	1	0
2.07391054913121	1548.14361419226	1	0
2.11891770211889	1548.09401771185	1	0
2.16439742205847	1548.04390531903	1	0
2.21034926008349	1547.99327765924	1	0
2.25677276266785	1547.94213538436	1	0
2.30366747163033	1547.89047915276	1	0
2.35103292413906	1547.83830962919	1	0
2.39886865271617	1547.78562748488	1	0
2.44717418524232	1547.73243339741	1	0
2.49594904496141	1547.67872805081	1	0
2.54519275048526	1547.62451213545	1	0
2.59490481579840	1547.56978634808	1	0
2.64508475026279	1547.51455139180	1	0
2.69573205862274	1547.45880797605	1	0
2.74684624100976	1547.40255681659	1	0
2.79842679294752	1547.34579863547	1	0
2.85047320535677	1547.28853416106	1	0
2.90298496456047	1547.23076412799	1	0
2.95596155228873	1547.17248927715	1	0
3.00940244568402	1547.11371035567	1	0
3.06330711730630	1547.05442811693	1	0
3.11767503513821	1546.99464332051	1	0
3.17250566259039	1546.93435673219	1	0
3.22779845850664	1546.87356912393	1	0
3.28355287716940	1546.81228127387	1	0
3.33976836830508	1546.75049396628	1	0
3.39644437708945	1546.68820799159	1	0
3.45358034415321	1546.62542414633	1	0
3.51117570558743	1546.56214323314	1	0
3.56922989294914	1546.49836606074	1	0
3.62774233326694	1546.43409344392	1	0
3.68671244904667	1546.36932620352	1	0
3.74613965827709	1546.30406516643	1	0
3.80602337443566	1546.23831116553	1	0
3.86636300649426	1546.17206503973	1	0
3.92715795892508	1546.10532763391	1	0
3.98840763170649	1546.03809979891	1	0
4.05011142032894	1545.97038239153	1	0
4.11226871580094	1545.90217627450	1	0
4.17487890465510	1545.83348231646	1	0
4.23794136895412	1545.76430139195	1	0
4.30145548629695	1545.69463438138	1	0
4.36542062982486	1545.62448217104	1	0
4.42983616822774	1545.55384565304	1	0
4.49470146575022	1545.48272572532	1	0
4.56001588219799	1545.41112329164	1	0
4.62577877294415	1545.33903926153	1	0
4.69198948893552	1545.26647455030	1	0
4.75864737669903	1545.19343007900	1	0
4.82575177834826	1545.11990677442	1	0
4.89330203158986	1545.04590556907	1	0
4.96129746973010	1544.97142740114	1	0
5.02973742168145	1544.89647321450	1	0
5.09862121196922	1544.82104395868	1	0
5.16794816073821	1544.74514058885	1	0
5.23771758375942	1544.66876406578	1	0
5.30792879243681	1544.59191535586	1	0
5.37858109381410	1544.51459543105	1	0
5.44967379058161	1544.43680526887	1	0
5.52120618108311	1544.35854585239	1	0
5.59317755932278	1544.27981817018	1	0
5.66558721497217	1544.20062321632	1	0
5.73843443337724	1544.12096199038	1	0
5.81171849556533	1544.04083549738	1	0
5.88543867825233	1543.96024474778	1	0
5.95959425384982	1543.87919075747	1	0
6.03418449047219	1543.79767454774	1	0
6.10920865194392	1543.71569714525	1	0
6.18466599780682	1543.63325958202	1	0
6.26055578332737	1543.55036289543	1	0
6.33687725950399	1543.46700812814	1	0
6.41362967307456	1543.38319632815	1	0
6.49081226652372	1543.29892854871	1	0
6.56842427809045	1543.21420584833	1	0
6.64646494177550	1543.12902929077	1	0
6.72493348734905	1543.04339994499	1	0
6.80382914035823	1542.95731888515	1	0
6.88315112213481	1542.87078719058	1	0
6.96289864980282	1542.78380594577	1	0
7.04307093628638	1542.69637624031	1	0
7.12366719031740	1542.60849916895	1	0
7.20468661644335	1542.52017583147	1	0
7.28612841503524	1542.43140733276	1	0
7.36799178229539	1542.34219478274	1	0
7.45027591026541	1542.25253929633	1	0
7.53297998683418	1542.16244199350	1	0
7.61610319574584	1542.07190399915	1	0
7.69964471660790	1541.98092644315	1	0
7.78360372489925	1541.88951046033	1	0
7.86797939197840	1541.79765719041	1	0
7.95277088509155	1541.70536777801	1	0
8.03797736738092	1541.61264337260	1	0
8.12359799789292	1541.51948512852	1	0
8.20963193158649	1541.42589420492	1	0
8.29607831934143	1541.33187176578	1	0
8.38293630796684	1541.23741897981	1	0
8.47020504020937	1541.14253702052	1	0
8.55788365476191	1541.04722706614	1	0
8.64597128627191	1540.95149029960	1	0
8.73446706535002	1540.85532790855	1	0
8.82337011857863	1540.75874108527	1	0
8.91267956852049	1540.66173102671	1	0
9.00239453372739	1540.56429893444	1	0
9.09251412874884	1540.46644601460	1	0
9.18303746414080	1540.36817347796	1	0
9.27396364647453	1540.26948253978	1	0
9.36529177834530	1540.17037441988	1	0
9.45702095838134	1540.07085034261	1	0
9.54915028125263	1539.97091153675	1	0
9.64167883768000	1539.87055923558	1	0
9.73460571444391	1539.76979467680	1	0
9.82792999439362	1539.66861910253	1	0
9.92165075645616	1539.56703375927	1	0
10.0157670756455	1539.46503989791	1	0
10.1102780230715	1539.36263877365	1	0
10.2051826659492	1539.25983164602	1	0
10.3004800676082	1539.15661977888	1	0
10.3961692875017	1539.05300444030	1	0
10.4922493812155	1538.94898690266	1	0
10.5887194004780	1538.84456844252	1	0
10.6855783931691	1538.73975034066	1	0
10.7828254033295	1538.63453388204	1	0
10.8804594711706	1538.52892035577	1	0
10.9784796330835	1538.42291105509	1	0
11.0768849216488	1538.31650727735	1	0
11.1756743656461	1538.20971032396	1	0
11.2748469900633	1538.10252150041	1	0
11.3744018161068	1537.99494211622	1	0
11.4743378612105	1537.88697348493	1	0
11.5746541390462	1537.77861692403	1	0
11.6753496595325	1537.66987375501	1	0
11.7764234288454	1537.56074530328	1	0
11.8778744494276	1537.45123289816	1	0
11.9797017199985	1537.34133787287	1	0
12.0819042355639	1537.23106156449	1	0
12.1844809874264	1537.12040531393	1	0
12.2874309631948	1537.00937046592	1	0
12.3907531467944	1536.89795836901	1	0
12.4944465184770	1536.78617037546	1	0
12.5985100548309	1536.67400784133	1	0
12.7029427287909	1536.56147212637	1	0
12.8077435096487	1536.44856459402	1	0
12.9129113630630	1536.33528661139	1	0
13.0184452510695	1536.22163954926	1	0
13.1243441320913	1536.10762478200	1	0
13.2306069609492	1535.99324368758	1	0
13.3372326888720	1535.87849764756	1	0
13.4442202635068	1535.76338804703	1	0
13.5515686289294	1535.64791627460	1	0
13.6592767256549	1535.53208372238	1	0
13.7673434906477	1535.41589178596	1	0
13.8757678573325	1535.29934186438	1	0
13.9845487556047	1535.18243536007	1	0
14.0936851118406	1535.06517367890	1	0
14.2031758489084	1534.94755823009	1	0
14.3130198861789	1534.82959042621	1	0
14.4232161395357	1534.71127168316	1	0
14.5337635213863	1534.59260342014	1	0
14.6446609406726	1534.47358705961	1	0
14.7559073028819	1534.35422402729	1	0
14.8675015100575	1534.23451575212	1	0
14.9794424608097	1534.11446366624	1	0
15.0917290503264	1533.99406920498	1	0
15.2043601703843	1533.87333380679	1	0
15.3173347093598	1533.75225891326	1	0
15.4306515522397	1533.63084596908	1	0
15.5443095806326	1533.50909642202	1	0
15.6583076727796	1533.38701172288	1	0
15.7726447035656	1533.26459332551	1	0
15.8873195445302	1533.14184268674	1	0
16.0023310638790	1533.01876126639	1	0
16.1176781264949	1532.89535052721	1	0
16.2333595939488	1532.77161193490	1	0
16.3493743245113	1532.64754695803	1	0
16.4657211731640	1532.52315706807	1	0
16.5823989916104	1532.39844373934	1	0
16.6994066282874	1532.27340844896	1	0
16.8167429283771	1532.14805267688	1	0
16.9344067338174	1532.02237790580	1	0
17.0523968833142	1531.89638562119	1	0
17.1707122123522	1531.77007731122	1	0
17.2893515532070	1531.64345446680	1	0
17.4083137349561	1531.51651858147	1	0
17.5275975834908	1531.38927115145	1	0
17.6472019215278	1531.26171367557	1	0
17.7671255686204	1531.13384765528	1	0
17.8873673411708	1531.00567459457	1	0
18.0079260524411	1530.87719600001	1	0
18.1288005125655	1530.74841338070	1	0
18.2499895285620	1530.61932824821	1	0
18.3714919043438	1530.48994211660	1	0
18.4933064407316	1530.36025650240	1	0
18.6154319354650	1530.23027292453	1	0
18.7378671832147	1530.09999290434	1	0
18.8606109755944	1529.96941796553	1	0
18.9836621011722	1529.83854963419	1	0
19.1070193454833	1529.70738943869	1	0
19.2306814910414	1529.57593890972	1	0
19.3546473173512	1529.44419958027	1	0
19.4789156009199	1529.31217298554	1	0
19.6034851152697	1529.17986066299	1	0
19.7283546309499	1529.04726415225	1	0
19.8535229155488	1528.91438499517	1	0
19.9789887337058	1528.78122473571	1	0
20.1047508471241	1528.64778491998	1	0
20.2308080145823	1528.51406709619	1	0
20.3571589919470	1528.38007281462	1	0
20.4838025321853	1528.24580362762	1	0
20.6107373853764	1528.11126108955	1	0
20.7379622987245	1527.97644675679	1	0
20.8654760165712	1527.84136218769	1	0
20.9932772804075	1527.70600894255	1	0
21.1213648288866	1527.57038858362	1	0
21.2497373978361	1527.43450267503	1	0
21.3783937202705	1527.29835278281	1	0
21.5073325264038	1527.16194047485	1	0
21.6365525436622	1527.02526732084	1	0
21.7660524966962	1526.88833489233	1	0
21.8958311073935	1526.75114476260	1	0
22.0258870948917	1526.61369850672	1	0
22.1562191755906	1526.47599770150	1	0
22.2868260631653	1526.33804392544	1	0
22.4177064685785	1526.19983875872	1	0
22.5488591000934	1526.06138378322	1	0
22.6802826632866	1525.92268058241	1	0
22.8119758610604	1525.78373074141	1	0
22.9439373936562	1525.64453584691	1	0
23.0761659586670	1525.50509748718	1	0
23.2086602510502	1525.36541725200	1	0
23.3414189631406	1525.22549673269	1	0
23.4744407846633	1525.08533752208	1	0
23.6077244027467	1524.94494121442	1	0
23.7412685019352	1524.80430940544	1	0
23.8750717642026	1524.66344369229	1	0
24.0091328689645	1524.52234567350	1	0
24.1434504930921	1524.38101694898	1	0
24.2780233109247	1524.23945912000	1	0
24.4128499942828	1524.09767378913	1	0
24.5479292124814	1523.95566256026	1	0
24.6832596323434	1523.81342703855	1	0
24.8188399182120	1523.67096883042	1	0
24.9546687319645	1523.52828954351	1	0
25.0907447330255	1523.38539078668	1	0
25.2270665783796	1523.24227416995	1	0
25.3636329225854	1523.09894130453	1	0
25.5004424177882	1522.95539380274	1	0
25.6374937137334	1522.81163327802	1	0
25.7747854577801	1522.66766134491	1	0
25.9123162949143	1522.52347961899	1	0
26.0500848677620	1522.37908971691	1	0
26.1880898166030	1522.23449325631	1	0
26.3263297793844	1522.08969185586	1	0
26.4648033917334	1521.94468713517	1	0
26.6035092869713	1521.79948071481	1	0
26.7424460961271	1521.65407421629	1	0
26.8816124479504	1521.50846926200	1	0
27.0210069689256	1521.36266747522	1	0
27.1606282832850	1521.21667048009	1	0
27.3004750130227	1521.07047990158	1	0
27.4405457779077	1520.92409736547	1	0
27.5808391954984	1520.77752449834	1	0
27.7213538811552	1520.63076292751	1	0
27.8620884480549	1520.48381428106	1	0
28.0030415072042	1520.33668018780	1	0
28.1442116674534	1520.18936227720	1	0
28.2855975355098	1520.04186217946	1	0
28.4271977159521	1519.89418152537	1	0
28.5690108112436	1519.74632194640	1	0
28.7110354217464	1519.59828507460	1	0
28.8532701457348	1519.45007254261	1	0
28.9957135794097	1519.30168598364	1	0
29.1383643169117	1519.15312703143	1	0
29.2812209503358	1519.00439732025	1	0
29.4242820697446	1518.85549848485	1	0
29.5675462631826	1518.70643216045	1	0
29.7110121166900	1518.55719998276	1	0
29.8546782143169	1518.40780358787	1	0
29.9985431381368	1518.25824461230	1	0
30.1426054682610	1518.10852469297	1	0
30.2868637828524	1517.95864546713	1	0
30.4313166581399	1517.80860857241	1	0
30.5759626684317	1517.65841564672	1	0
30.7208003861302	1517.50806832830	1	0
30.8658283817455	1517.35756825565	1	0
31.0110452239100	1517.20691706754	1	0
31.1564494793919	1517.05611640295	1	0
31.3020397131100	1516.90516790111	1	0
31.4478144881474	1516.75407320139	1	0
31.5937723657661	1516.60283394337	1	0
31.7399119054206	1516.45145176677	1	0
31.8862316647727	1516.29992831142	1	0
32.0327301997055	1516.14826521728	1	0
32.1794060643375	1515.99646412437	1	0
32.3262578110372	1515.84452667280	1	0
32.4732839904371	1515.69245450269	1	0
32.6204831514482	1515.54024925423	1	0
32.7678538412741	1515.38791256755	1	0
32.9153946054258	1515.23544608282	1	0
33.0631039877354	1515.08285144012	1	0
33.2109805303710	1514.93013027950	1	0
33.3590227738507	1514.77728424091	1	0
33.5072292570574	1514.62431496422	1	0
33.6555985172529	1514.47122408915	1	0
33.8041290900925	1514.31801325530	1	0
33.9528195096395	1514.16468410208	1	0
34.1016683083795	1514.01123826875	1	0
34.2506740172348	1513.85767739434	1	0
34.3998351655793	1513.70400311766	1	0
34.5491502812526	1513.55021707728	1	0
34.6986178905750	1513.39632091151	1	0
34.8482365183613	1513.24231625836	1	0
34.9980046879362	1513.08820475555	1	0
35.1479209211483	1512.93398804047	1	0
35.2979837383848	1512.77966775018	1	0
35.4481916585864	1512.62524552134	1	0
35.5985431992615	1512.47072299027	1	0
35.7490368765012	1512.31610179286	1	0
35.8996712049935	1512.16138356458	1	0
36.0504446980385	1512.00656994047	1	0
36.2013558675627	1511.85166255510	1	0
36.3524032241337	1511.69666304257	1	0
36.5035852769752	1511.54157303645	1	0
36.6549005339812	1511.38639416983	1	0
36.8063475017314	1511.23112807523	1	0
36.9579246855052	1511.07577638464	1	0
37.1096305892970	1510.92034072947	1	0
37.2614637158309	1510.76482274050	1	0
37.4134225665751	1510.60922404794	1	0
37.5655056417573	1510.45354628135	1	0
37.7177114403787	1510.29779106964	1	0
37.8700384602296	1510.14196004104	1	0
38.0224851979039	1509.98605482310	1	0
38.1750501488138	1509.83007704268	1	0
38.3277318072047	1509.67402832589	1	0
38.4805286661705	1509.51791029810	1	0
38.6334392176677	1509.36172458392	1	0
38.7864619525309	1509.20547280720	1	0
38.9395953604877	1509.04915659096	1	0
39.0928379301729	1508.89277755743	1	0
39.2461881491443	1508.73633732798	1	0
39.3996445038973	1508.57983752316	1	0
39.5532054798794	1508.42327976262	1	0
39.7068695615059	1508.26666566514	1	0
39.8606352321744	1508.10999684858	1	0
40.0145009742797	1507.95327492990	1	0
40.1684652692290	1507.79650152510	1	0
40.3225265974570	1507.63967824922	1	0
40.4766834384405	1507.48280671634	1	0
40.6309342707138	1507.32588853954	1	0
40.7852775718833	1507.16892533089	1	0
40.9397118186431	1507.01191870142	1	0
41.0942354867895	1506.85487026113	1	0
41.2488470512362	1506.69778161896	1	0
41.4035449860295	1506.54065438277	1	0
41.5583277643633	1506.38349015932	1	0
41.7131938585940	1506.22629055425	1	0
41.8681417402558	1506.06905717209	1	0
42.0231698800757	1505.91179161622	1	0
42.1782767479885	1505.75449548883	1	0
42.3334608131520	1505.59717039097	1	0
42.4887205439621	1505.43981792248	1	0
42.6440544080681	1505.28243968197	1	0
42.7994608723874	1505.12503726686	1	0
42.9549384031209	1504.96761227328	1	0
43.1104854657681	1504.81016629614	1	0
43.2661005251424	1504.65270092906	1	0
43.4217820453859	1504.49521776435	1	0
43.5775284899849	1504.33771839303	1	0
43.7333383217848	1504.18020440480	1	0
43.8892100030055	1504.02267738800	1	0
44.0451419952565	1503.86513892962	1	0
44.2011327595519	1503.70759061530	1	0
44.3571807563259	1503.55003402927	1	0
44.5132844454477	1503.39247075436	1	0
44.6694422862370	1503.23490237199	1	0
44.8256527374789	1503.07733046213	1	0
44.9819142574393	1502.91975660332	1	0
45.1382253038800	1502.76218237263	1	0
45.2945843340743	1502.60460934565	1	0
45.4509898048215	1502.44703909647	1	0
45.6074401724628	1502.28947319767	1	0
45.7639338928963	1502.13191322033	1	0
45.9204694215921	1501.97436073396	1	0
46.0770452136078	1501.81681730653	1	0
46.2336597236034	1501.65928450444	1	0
46.3903114058570	1501.50176389251	1	0
46.5469987142797	1501.34425703396	1	0
46.7037201024311	1501.18676549039	1	0
46.8604740235343	1501.02929082178	1	0
47.0172589304915	1500.87183458648	1	0
47.1740732758988	1500.71439834116	1	0
47.3309155120620	1500.55698364085	1	0
47.4877840910115	1500.39959203887	1	0
47.6446774645179	1500.24222508687	1	0
47.8015940841068	1500.08488433475	1	0
47.9585324010745	1499.92757133072	1	0
48.1154908665033	1499.77028762124	1	0
48.2724679312764	1499.61303475101	1	0
48.4294620460936	1499.45581426298	1	0
48.5864716614863	1499.29862769829	1	0
48.7434952278331	1499.14147659631	1	0
48.9005311953748	1498.98436249461	1	0
49.0575780142296	1498.82728692892	1	0
49.2146341344090	1498.67025143314	1	0
49.3716980058324	1498.51325753933	1	0
49.5287680783428	1498.35630677768	1	0
49.6858428017221	1498.19940067652	1	0
49.8429206257060	1498.04254076229	1	0
50	1497.88572855953	1	0
50.1570793742940	1497.72896559085	1	0
50.3141571982780	1497.57225337696	1	0
50.4712319216572	1497.41559343662	1	0
50.6283019941676	1497.25898728665	1	0
50.7853658655910	1497.10243644190	1	0
50.9424219857704	1496.94594241525	1	0
51.0994688046253	1496.78950671757	1	0
51.2565047721669	1496.63313085776	1	0
51.4135283385137	1496.47681634269	1	0
51.5705379539064	1496.32056467722	1	0
51.7275320687236	1496.16437736416	1	0
51.8845091334967	1496.00825590427	1	0
52.0414675989255	1495.85220179627	1	0
52.1984059158932	1495.69621653677	1	0
52.3553225354821	1495.54030162034	1	0
52.5122159089885	1495.38445853942	1	0
52.6690844879380	1495.22868878436	1	0
52.8259267241012	1495.07299384339	1	0
52.9827410695085	1494.91737520259	1	0
53.1395259764657	1494.76183434592	1	0
53.2962798975689	1494.60637275517	1	0
53.4530012857203	1494.45099190999	1	0
53.6096885941430	1494.29569328781	1	0
53.7663402763966	1494.14047836392	1	0
53.9229547863923	1493.98534861139	1	0
54.0795305784079	1493.83030550106	1	0
54.2360661071037	1493.67535050158	1	0
54.3925598275372	1493.52048507935	1	0
54.5490101951785	1493.36571069855	1	0
54.7054156659257	1493.21102882107	1	0
54.8617746961200	1493.05644090657	1	0
55.0180857425607	1492.90194841242	1	0
55.1743472625211	1492.74755279371	1	0
55.3305577137630	1492.59325550322	1	0
55.4867155545523	1492.43905799143	1	0
55.6428192436741	1492.28496170653	1	0
55.7988672404481	1492.13096809434	1	0
55.9548580047435	1491.97707859838	1	0
56.1107899969945	1491.82329465979	1	0
56.2666616782152	1491.66961771738	1	0
56.4224715100152	1491.51604920758	1	0
56.5782179546141	1491.36259056445	1	0
56.7338994748576	1491.20924321964	1	0
56.8895145342319	1491.05600860244	1	0
57.0450615968791	1490.90288813971	1	0
57.2005391276126	1490.74988325588	1	0
57.3559455919319	1490.59699537299	1	0
57.5112794560379	1490.44422591062	1	0
57.6665391868480	1490.29157628592	1	0
57.8217232520115	1490.13904791356	1	0
57.9768301199243	1489.98664220577	1	0
58.1318582597442	1489.83436057231	1	0
58.2868061414060	1489.68220442043	1	0
58.4416722356367	1489.53017515492	1	0
58.5964550139705	1489.37827417806	1	0
58.7511529487638	1489.22650288960	1	0
58.9057645132105	1489.07486268680	1	0
59.0602881813569	1488.92335496438	1	0
59.2147224281167	1488.77198111452	1	0
59.3690657292862	1488.62074252687	1	0
59.5233165615595	1488.46964058852	1	0
59.6774734025430	1488.31867668398	1	0
59.8315347307710	1488.16785219522	1	0
59.9854990257204	1488.01716850160	1	0
60.1393647678256	1487.86662697993	1	0
60.2931304384941	1487.71622900439	1	0
60.4467945201206	1487.56597594657	1	0
60.6003554961027	1487.41586917545	1	0
60.7538118508557	1487.26591005738	1	0
60.9071620698271	1487.11609995609	1	0
61.0604046395124	1486.96644023268	1	0
61.2135380474691	1486.81693224559	1	0
61.3665607823323	1486.66757735061	1	0
61.5194713338295	1486.51837690089	1	0
61.6722681927953	1486.36933224688	1	0
61.8249498511862	1486.22044473637	1	0
61.9775148020961	1486.07171571449	1	0
62.1299615397704	1485.92314652363	1	0
62.2822885596213	1485.77473850352	1	0
62.4344943582427	1485.62649299117	1	0
62.5865774334249	1485.47841132089	1	0
62.7385362841691	1485.33049482424	1	0
62.8903694107030	1485.18274483008	1	0
63.0420753144948	1485.03516266452	1	0
63.1936524982687	1484.88774965095	1	0
63.3450994660188	1484.74050710997	1	0
63.4964147230248	1484.59343635945	1	0
63.6475967758663	1484.44653871451	1	0
63.7986441324373	1484.29981548747	1	0
63.9495553019615	1484.15326798789	1	0
64.1003287950065	1484.00689752255	1	0
64.2509631234988	1483.86070539541	1	0
64.4014568007385	1483.71469290767	1	0
64.5518083414136	1483.56886135771	1	0
64.7020162616152	1483.42321204109	1	0
64.8520790788517	1483.27774625057	1	0
65.0019953120638	1483.13246527607	1	0
65.1517634816387	1482.98737040470	1	0
65.3013821094251	1482.84246292071	1	0
65.4508497187474	1482.69774410553	1	0
65.6001648344208	1482.55321523773	1	0
65.7493259827652	1482.40887759301	1	0
65.8983316916206	1482.26473244424	1	0
66.0471804903605	1482.12078106141	1	0
66.1958709099075	1481.97702471162	1	0
66.3444014827471	1481.83346465912	1	0
66.4927707429426	1481.69010216525	1	0
66.6409772261493	1481.54693848848	1	0
66.7890194696290	1481.40397488436	1	0
66.9368960122646	1481.26121260556	1	0
67.0846053945742	1481.11865290183	1	0
67.2321461587259	1480.97629702001	1	0
67.3795168485518	1480.83414620402	1	0
67.5267160095630	1480.69220169485	1	0
67.6737421889629	1480.55046473058	1	0
67.8205939356625	1480.40893654634	1	0
67.9672698002946	1480.26761837430	1	0
68.1137683352273	1480.12651144372	1	0
68.2600880945794	1479.98561698089	1	0
68.4062276342339	1479.84493620915	1	0
68.5521855118526	1479.70447034886	1	0
68.6979602868900	1479.56422061744	1	0
68.8435505206081	1479.42418822933	1	0
68.9889547760901	1479.28437439598	1	0
69.1341716182545	1479.14478032586	1	0
69.2791996138698	1479.00540722449	1	0
69.4240373315683	1478.86625629434	1	0
69.5686833418601	1478.72732873493	1	0
69.7131362171475	1478.58862574277	1	0
69.8573945317390	1478.45014851134	1	0
70.0014568618632	1478.31189823114	1	0
70.1453217856831	1478.17387608964	1	0
70.2889878833100	1478.03608327130	1	0
70.4324537368175	1477.89852095755	1	0
70.5757179302554	1477.76119032679	1	0
70.7187790496642	1477.62409255439	1	0
70.8616356830883	1477.48722881268	1	0
71.0042864205903	1477.35060027097	1	0
71.1467298542652	1477.21420809549	1	0
71.2889645782536	1477.07805344945	1	0
71.4309891887564	1476.94213749299	1	0
71.5728022840480	1476.80646138320	1	0
71.7144024644902	1476.67102627410	1	0
71.8557883325466	1476.53583331667	1	0
71.9969584927958	1476.40088365878	1	0
72.1379115519451	1476.26617844525	1	0
72.2786461188448	1476.13171881784	1	0
72.4191608045016	1475.99750591519	1	0
72.5594542220923	1475.86354087288	1	0
72.6995249869773	1475.72982482339	1	0
72.8393717167150	1475.59635889613	1	0
72.9789930310744	1475.46314421739	1	0
73.1183875520496	1475.33018191036	1	0
73.2575539038729	1475.19747309515	1	0
73.3964907130287	1475.06501888875	1	0
73.5351966082666	1474.93282040502	1	0
73.6736702206156	1474.80087875475	1	0
73.8119101833970	1474.66919504558	1	0
73.9499151322381	1474.53777038203	1	0
74.0876837050858	1474.40660586552	1	0
74.2252145422199	1474.27570259433	1	0
74.3625062862666	1474.14506166360	1	0
74.4995575822118	1474.01468416536	1	0
74.6363670774146	1473.88457118848	1	0
74.7729334216204	1473.75472381872	1	0
74.9092552669745	1473.62514313866	1	0
75.0453312680355	1473.49583022777	1	0
75.1811600817880	1473.36678616235	1	0
75.3167403676566	1473.23801201556	1	0
75.4520707875186	1473.10950885741	1	0
75.5871500057173	1472.98127775474	1	0
75.7219766890753	1472.85331977125	1	0
75.8565495069079	1472.72563596744	1	0
75.9908671310355	1472.59822740070	1	0
76.1249282357974	1472.47109512520	1	0
76.2587314980648	1472.34424019198	1	0
76.3922755972533	1472.21766364889	1	0
76.5255592153367	1472.09136654059	1	0
76.6585810368594	1471.96534990860	1	0
76.7913397489498	1471.83961479123	1	0
76.9238340413330	1471.71416222361	1	0
77.0560626063438	1471.58899323770	1	0
77.1880241389396	1471.46410886225	1	0
77.3197173367135	1471.33951012286	1	0
77.4511408999066	1471.21519804188	1	0
77.5822935314215	1471.09117363852	1	0
77.7131739368347	1470.96743792877	1	0
77.8437808244094	1470.84399192541	1	0
77.9741129051084	1470.72083663804	1	0
78.1041688926065	1470.59797307306	1	0
78.2339475033039	1470.47540223364	1	0
78.3634474563378	1470.35312511976	1	0
78.4926674735962	1470.23114272819	1	0
78.6216062797295	1470.10945605250	1	0
78.7502626021639	1469.98806608302	1	0
78.8786351711134	1469.86697380688	1	0
79.0067227195925	1469.74618020801	1	0
79.1345239834288	1469.62568626709	1	0
79.2620377012755	1469.50549296160	1	0
79.3892626146237	1469.38560126579	1	0
79.5161974678147	1469.26601215070	1	0
79.6428410080530	1469.14672658413	1	0
79.7691919854178	1469.02774553065	1	0
79.8952491528760	1468.90906995161	1	0
80.0210112662942	1468.79070080514	1	0
80.1464770844512	1468.67263904612	1	0
80.2716453690501	1468.55488562619	1	0
80.3965148847303	1468.43744149378	1	0
80.5210843990801	1468.32030759407	1	0
80.6453526826488	1468.20348486901	1	0
80.7693185089586	1468.08697425729	1	0
80.8929806545167	1467.97077669438	1	0
81.0163378988278	1467.85489311250	1	0
81.1393890244056	1467.73932444063	1	0
81.2621328167853	1467.62407160450	1	0
81.3845680645350	1467.50913552661	1	0
81.5066935592685	1467.39451712618	1	0
81.6285080956562	1467.28021731921	1	0
81.7500104714381	1467.16623701844	1	0
81.8711994874345	1467.05257713336	1	0
81.9920739475589	1466.93923857022	1	0
82.1126326588292	1466.82622223199	1	0
82.2328744313796	1466.71352901841	1	0
82.3527980784722	1466.60115982596	1	0
82.4724024165092	1466.48911554784	1	0
82.5916862650439	1466.37739707404	1	0
82.7106484467931	1466.26600529125	1	0
82.8292877876478	1466.15494108292	1	0
82.9476031166859	1466.04420532923	1	0
83.0655932661826	1465.93379890711	1	0
83.1832570716229	1465.82372269022	1	0
83.3005933717126	1465.71397754896	1	0
83.4176010083897	1465.60456435047	1	0
83.5342788268360	1465.49548395861	1	0
83.6506256754887	1465.38673723400	1	0
83.7666404060512	1465.27832503398	1	0
83.8823218735051	1465.17024821262	1	0
83.9976689361210	1465.06250762073	1	0
84.1126804554698	1464.95510410585	1	0
84.2273552964344	1464.84803851224	1	0
84.3416923272204	1464.74131168092	1	0
84.4556904193674	1464.63492444961	1	0
84.5693484477603	1464.52887765277	1	0
84.6826652906402	1464.42317212160	1	0
84.7956398296157	1464.31780868402	1	0
84.9082709496736	1464.21278816466	1	0
85.0205575391903	1464.10811138491	1	0
85.1324984899425	1464.00377916286	1	0
85.2440926971181	1463.89979231335	1	0
85.3553390593274	1463.79615164793	1	0
85.4662364786137	1463.69285797487	1	0
85.5767838604643	1463.58991209919	1	0
85.6869801138211	1463.48731482261	1	0
85.7968241510916	1463.38506694359	1	0
85.9063148881595	1463.28316925731	1	0
86.0154512443954	1463.18162255567	1	0
86.1242321426675	1463.08042762729	1	0
86.2326565093523	1462.97958525753	1	0
86.3407232743451	1462.87909622846	1	0
86.4484313710706	1462.77896131888	1	0
86.5557797364932	1462.67918130430	1	0
86.6627673111280	1462.57975695697	1	0
86.7693930390508	1462.48068904585	1	0
86.8756558679087	1462.38197833662	1	0
86.9815547489305	1462.28362559170	1	0
87.0870886369370	1462.18563157021	1	0
87.1922564903513	1462.08799702801	1	0
87.2970572712091	1461.99072271766	1	0
87.4014899451691	1461.89380938847	1	0
87.5055534815230	1461.79725778645	1	0
87.6092468532056	1461.70106865433	1	0
87.7125690368052	1461.60524273158	1	0
87.8155190125736	1461.50978075438	1	0
87.9180957644361	1461.41468345563	1	0
88.0202982800016	1461.31995156496	1	0
88.1221255505724	1461.22558580871	1	0
88.2235765711546	1461.13158690995	1	0
88.3246503404675	1461.03795558846	1	0
88.4253458609538	1460.94469256076	1	0
88.5256621387895	1460.85179854009	1	0
88.6255981838932	1460.75927423639	1	0
88.7251530099367	1460.66712035634	1	0
88.8243256343539	1460.57533760335	1	0
88.9231150783512	1460.48392667753	1	0
89.0215203669165	1460.39288827573	1	0
89.1195405288294	1460.30222309152	1	0
89.2171745966705	1460.21193181518	1	0
89.3144216068309	1460.12201513374	1	0
89.4112805995220	1460.03247373092	1	0
89.5077506187845	1459.94330828719	1	0
89.6038307124984	1459.85451947974	1	0
89.6995199323918	1459.76610798246	1	0
89.7948173340508	1459.67807446600	1	0
89.8897219769286	1459.59041959772	1	0
89.9842329243545	1459.50314404169	1	0
90.0783492435438	1459.41624845873	1	0
90.1720700056064	1459.32973350637	1	0
90.2653942855561	1459.24359983887	1	0
90.3583211623200	1459.15784810721	1	0
90.4508497187474	1459.07247895912	1	0
90.5429790416187	1458.98749303903	1	0
90.6347082216547	1458.90289098810	1	0
90.7260363535255	1458.81867344425	1	0
90.8169625358592	1458.73484104208	1	0
90.9074858712512	1458.65139441296	1	0
90.9976054662726	1458.56833418496	1	0
91.0873204314795	1458.48566098290	1	0
91.1766298814214	1458.40337542832	1	0
91.2655329346500	1458.32147813948	1	0
91.3540287137281	1458.23996973141	1	0
91.4421163452381	1458.15885081582	1	0
91.5297949597906	1458.07812200118	1	0
91.6170636920332	1457.99778389270	1	0
91.7039216806586	1457.91783709230	1	0
91.7903680684135	1457.83828219865	1	0
91.8764020021071	1457.75911980714	1	0
91.9620226326191	1457.68035050992	1	0
92.0472291149085	1457.60197489584	1	0
92.1320206080216	1457.52399355051	1	0
92.2163962751008	1457.44640705626	1	0
92.3003552833921	1457.36921599219	1	0
92.3838968042542	1457.29242093408	1	0
92.4670200131658	1457.21602245450	1	0
92.5497240897346	1457.14002112274	1	0
92.6320082177046	1457.06441750481	1	0
92.7138715849648	1456.98921216349	1	0
92.7953133835567	1456.91440565828	1	0
92.8763328096826	1456.83999854543	1	0
92.9569290637136	1456.76599137792	1	0
93.0371013501972	1456.69238470548	1	0
93.1168488778652	1456.61917907459	1	0
93.1961708596418	1456.54637502845	1	0
93.2750665126510	1456.47397310703	1	0
93.3535350582245	1456.40197384702	1	0
93.4315757219096	1456.33037778188	1	0
93.5091877334763	1456.25918544179	1	0
93.5863703269255	1456.18839735369	1	0
93.6631227404960	1456.11801404127	1	0
93.7394442166726	1456.04803602496	1	0
93.8153340021932	1455.97846382193	1	0
93.8907913480561	1455.90929794612	1	0
93.9658155095278	1455.84053890820	1	0
94.0404057461502	1455.77218721560	1	0
94.1145613217477	1455.70424337250	1	0
94.1882815044347	1455.63670787983	1	0
94.2615655666228	1455.56958123526	1	0
94.3344127850278	1455.50286393323	1	0
94.4068224406772	1455.43655646494	1	0
94.4787938189169	1455.37065931831	1	0
94.5503262094184	1455.30517297805	1	0
94.6214189061859	1455.24009792561	1	0
94.6920712075632	1455.17543463919	1	0
94.7622824162406	1455.11118359376	1	0
94.8320518392618	1455.04734526104	1	0
94.9013787880308	1454.98392010951	1	0
94.9702625783186	1454.92090860440	1	0
95.0387025302699	1454.85831120772	1	0
95.1066979684101	1454.79612837823	1	0
95.1742482216518	1454.73436057143	1	0
95.2413526233010	1454.67300823962	1	0
95.3080105110645	1454.61207183184	1	0
95.3742212270558	1454.55155179388	1	0
95.4399841178020	1454.49144856833	1	0
95.5052985342498	1454.43176259452	1	0
95.5701638317723	1454.37249430854	1	0
95.6345793701752	1454.31364414327	1	0
95.6985445137031	1454.25521252833	1	0
95.7620586310459	1454.19719989012	1	0
95.8251210953449	1454.13960665181	1	0
95.8877312841991	1454.08243323335	1	0
95.9498885796711	1454.02568005142	1	0
96.0115923682935	1453.96934751952	1	0
96.0728420410749	1453.91343604788	1	0
96.1336369935058	1453.85794604352	1	0
96.1939766255643	1453.80287791025	1	0
96.2538603417229	1453.74823204861	1	0
96.3132875509533	1453.69400885595	1	0
96.3722576667331	1453.64020872638	1	0
96.4307701070509	1453.58683205079	1	0
96.4888242944126	1453.53387921684	1	0
96.5464196558468	1453.48135060896	1	0
96.6035556229106	1453.42924660839	1	0
96.6602316316949	1453.37756759311	1	0
96.7164471228306	1453.32631393789	1	0
96.7722015414934	1453.27548601429	1	0
96.8274943374096	1453.22508419065	1	0
96.8823249648618	1453.17510883207	1	0
96.9366928826937	1453.12556030046	1	0
96.9905975543160	1453.07643895448	1	0
97.0440384477113	1453.02774514960	1	0
97.0970150354395	1452.97947923807	1	0
97.1495267946432	1452.93164156892	1	0
97.2015732070525	1452.88423248795	1	0
97.2531537589902	1452.83725233776	1	0
97.3042679413773	1452.79070145774	1	0
97.3549152497372	1452.74458018407	1	0
97.4050951842016	1452.69888884970	1	0
97.4548072495147	1452.65362778438	1	0
97.5040509550386	1452.60879731465	1	0
97.5528258147577	1452.56439776384	1	0
97.6011313472838	1452.52042945205	1	0
97.6489670758610	1452.47689269621	1	0
97.6963325283697	1452.43378781001	1	0
97.7432272373322	1452.39111510393	1	0
97.7896507399165	1452.34887488528	1	0
97.8356025779415	1452.30706745812	1	0
97.8810822978811	1452.26569312332	1	0
97.9260894508688	1452.22475217856	1	0
97.9706235927021	1452.18424491830	1	0
98.0146842838472	1452.14417163380	1	0
98.0582710894426	1452.10453261311	1	0
98.1013835793043	1452.06532814108	1	0
98.1440213279294	1452.02655849937	1	0
98.1861839145005	1451.98822396642	1	0
98.2278709228899	1451.95032481749	1	0
98.2690819416637	1451.91286132462	1	0
98.3098165640857	1451.87583375666	1	0
98.3500743881218	1451.83924237927	1	0
98.3898550164433	1451.80308745488	1	0
98.4291580564316	1451.76736924276	1	0
98.4679831201815	1451.73208799896	1	0
98.5063298245053	1451.69724397635	1	0
98.5441977909366	1451.66283742457	1	0
98.5815866457337	1451.62886859011	1	0
98.6184960198838	1451.59533771623	1	0
98.6549255491063	1451.56224504302	1	0
98.6908748738564	1451.52959080735	1	0
98.7263436393289	1451.49737524291	1	0
98.7613314954612	1451.46559858021	1	0
98.7958380969374	1451.43426104655	1	0
98.8298631031912	1451.40336286604	1	0
98.8634061784097	1451.37290425960	1	0
98.8964669915361	1451.34288544497	1	0
98.9290452162736	1451.31330663669	1	0
98.9611405310883	1451.28416804610	1	0
98.9927526192123	1451.25546988138	1	0
99.0238811686472	1451.22721234748	1	0
99.0545258721667	1451.19939564621	1	0
99.0846864273200	1451.17201997615	1	0
99.1143625364344	1451.14508553271	1	0
99.1435539066190	1451.11859250812	1	0
99.1722602497665	1451.09254109141	1	0
99.2004812825570	1451.06693146843	1	0
99.2282167264603	1451.04176382186	1	0
99.2554663077387	1451.01703833115	1	0
99.2822297574499	1450.99275517262	1	0
99.3085068114495	1450.96891451937	1	0
99.3342972103934	1450.94551654133	1	0
99.3596006997410	1450.92256140524	1	0
99.3844170297569	1450.90004927465	1	0
99.4087459555140	1450.87798030996	1	0
99.4325872368957	1450.85635466834	1	0
99.4559406385981	1450.83517250383	1	0
99.4788059301325	1450.81443396724	1	0
99.5011828858279	1450.79413920622	1	0
99.5230712848326	1450.77428836525	1	0
99.5444709111169	1450.75488158562	1	0
99.5653815534753	1450.73591900543	1	0
99.5858030055282	1450.71740075962	1	0
99.6057350657239	1450.69932697993	1	0
99.6251775373412	1450.68169779494	1	0
99.6441302284907	1450.66451333003	1	0
99.6625929521170	1450.64777370742	1	0
99.6805655260004	1450.63147904614	1	0
99.6980477727590	1450.61562946206	1	0
99.7150395198500	1450.60022506785	1	0
99.7315405995716	1450.58526597302	1	0
99.7475508490650	1450.57075228389	1	0
99.7630701103154	1450.55668410360	1	0
99.7780982301540	1450.54306153214	1	0
99.7926350602593	1450.52988466630	1	0
99.8066804571586	1450.51715359969	1	0
99.8202342822296	1450.50486842277	1	0
99.8332964017015	1450.49302922279	1	0
99.8458666866564	1450.48163608386	1	0
99.8579450130307	1450.47068908689	1	0
99.8695312616162	1450.46018830963	1	0
99.8806253180613	1450.45013382665	1	0
99.8912270728721	1450.44052570933	1	0
99.9013364214136	1450.43136402590	1	0
99.9109532639106	1450.42264884140	1	0
99.9200775054488	1450.41438021771	1	0
99.9287090559755	1450.40655821353	1	0
99.9368478303009	1450.39918288437	1	0
99.9444937480985	1450.39225428259	1	0
99.9516467339062	1450.38577245736	1	0
99.9583067171270	1450.37973745469	1	0
99.9644736320295	1450.37414931741	1	0
99.9701474177487	1450.36900808518	1	0
99.9753280182866	1450.36431379448	1	0
99.9800153825128	1450.36006647863	1	0
99.9842094641650	1450.35626616775	1	0
99.9879102218492	1450.35291288882	1	0
99.9911176190405	1450.35000666564	1	0
99.9938316240830	1450.34754751882	1	0
99.9960522101908	1450.34553546581	1	0
99.9977793554475	1450.34397052088	1	0
99.9990130428069	1450.34285269515	1	0
99.9997532600929	1450.34218199654	1	0
100	1450.34195842980	1	0
V