example2
50
8
20
40
40                                                                                
2500.0                       
5                                                                            
150 
0.5                        
40
70                      
30
0.00  1480.65   1.0   0.0 
5.79  1480.80   1.0   0.0
12.06 1481.01   1.0   0.0
19.78 1480.94   1.0   0.0
27.01 1481.16   1.0   0.0
35.21 1481.30   1.0   0.0
37.62 1480.36   1.0   0.0
40.51 1479.06   1.0   0.0
45.82 1475.15   1.0   0.0
47.75 1473.70   1.0   0.0
49.68 1472.68   1.0   0.0
53.54 1471.88   1.0   0.0
56.91 1470.80   1.0   0.0
60.29 1469.78   1.0   0.0
65.60 1468.91   1.0   0.0
72.35 1468.91   1.0   0.0
78.62 1468.62   1.0   0.0
84.41 1467.61   1.0   0.0
89.23 1467.97   1.0   0.0
93.09 1468.84   1.0   0.0
96.95 1468.26   1.0   0.0
99.84 1467.54   1.0   0.0
104.18 1466.81  1.0   0.0
109.49 1466.23  1.0   0.0
113.83 1466.45  1.0   0.0
119.61 1466.59  1.0   0.0
125.40 1466.67  1.0   0.0
130.71 1466.74  1.0   0.0
138.42 1466.67  1.0   0.0
150.00 1466.88  1.0   0.0